0 0.30859375 0.92109375 0.07109375 0.05703125
0 0.50625 0.8421875 0.06328125 0.040625
0 0.459375 0.98828125 0.0703125 0.0234375
0 0.45859375 0.959375 0.05390625 0.03203125
0 0.76796875 0.7734375 0.03828125 0.03671875
0 0.74453125 0.740625 0.04765625 0.034375
0 0.7984375 0.55234375 0.0515625 0.0359375
0 0.7265625 0.5609375 0.0515625 0.03984375
0 0.615625 0.70078125 0.04921875 0.0359375
0 0.4890625 0.69140625 0.0515625 0.0359375
0 0.43671875 0.7484375 0.0453125 0.03203125
0 0.48671875 0.35234375 0.04765625 0.0359375
0 0.48515625 0.31796875 0.0453125 0.03828125
0 0.37265625 0.4078125 0.03984375 0.03828125
0 0.38203125 0.37890625 0.034375 0.03046875
0 0.3859375 0.32890625 0.03671875 0.03046875
0 0.7140625 0.40078125 0.03671875 0.03203125
0 0.528125 0.5125 0.0328125 0.028125
0 0.19921875 0.453125 0.028125 0.02265625
0 0.284375 0.596875 0.03984375 0.02890625
0 0.565625 0.334375 0.028125 0.02109375
0 0.61171875 0.32734375 0.03046875 0.025
0 0.5125 0.40078125 0.028125 0.02890625