0 0.30859375 0.75625 0.05625 0.04375
0 0.478125 0.70859375 0.0578125 0.0453125
0 0.61484375 0.7671875 0.046875 0.04140625
0 0.353125 0.69140625 0.0578125 0.04140625
0 0.559375 0.56953125 0.05234375 0.0453125
0 0.63828125 0.56171875 0.0546875 0.04296875
0 0.325 0.3671875 0.0375 0.02734375
0 0.3609375 0.44453125 0.02890625 0.02578125
0 0.35234375 0.41171875 0.03125 0.034375
0 0.3234375 0.33671875 0.03984375 0.03828125
0 0.47890625 0.43671875 0.0375 0.02890625
0 0.53828125 0.4203125 0.02890625 0.02578125
0 0.41796875 0.49296875 0.0328125 0.02578125
0 0.3921875 0.36328125 0.0328125 0.0328125
0 0.44609375 0.471875 0.034375 0.025